"","Ia7iM2MAIPOOB100245","P0ZQM2MAIPOOA100240","qU3SM2MAIPOOM070605","B7zTM2MAIPOOA070610","c5isM2MAIPOOA070615","TgLUM2MAIPOOM070620","pse1M2MAIPOOA100685","AJwcM2MAIPOOA100700","nodos","degrees","closeness","betweenness"
"Hafnia",1.77820308650351e-05,1.99398061721733e-05,1.79883080690154e-05,2.68125843255777e-05,2.28670130505413e-05,2.14991171391428e-05,2.12806858623182e-05,1.8450991765085e-05,"v_338",61,0.000124161907126893,873.297019297405
"Methylocaldum",9.11953952395575e-05,0.000157653575418838,0.000111762140133143,0.00015873049920742,0.000133832957258183,0.000145371286648427,9.15069492079683e-05,0.000139946996019387,"v_410",68,0.000126135216952573,1102.50839734305
"Actinobacillus",1.50683072792065e-05,1.72859470773157e-05,2.18988098231491e-05,2.14500674604622e-05,2.20784953591433e-05,1.86273939111706e-05,1.38324458105068e-05,1.78575388135764e-05,"v_511",61,0.000126984126984127,529.667171802858
"Paralysiella",1.42113419363132e-05,1.42017324535623e-05,1.48599066657083e-05,2.35950742065084e-05,1.77058063432091e-05,1.90930787589499e-05,1.27684115173909e-05,1.79654393502143e-05,"v_664",96,0.000122458976242959,554.373241302343
"Desulforapulum",9.21237743610252e-06,1.49907175898713e-05,1.61112672270311e-05,2.25225708334853e-05,1.94262085789865e-05,1.65318120961639e-05,1.06403429311591e-05,1.67245831788782e-05,"v_718",95,0.000122940742562085,1099.99763174931
"Sulfurovum",1.28544801433989e-05,1.26237621809443e-05,1.36867561394682e-05,1.71600539683697e-05,1.61287709604131e-05,2.04125191609911e-05,1.56058362990334e-05,1.49442243243525e-05,"v_744",71,0.000126087504728281,960.788263027756
"Changpingibacter",8.49823965035814e-06,1.19065029661179e-05,1.58766371217831e-05,2.35950742065084e-05,1.5626986974978e-05,1.73079535091294e-05,1.48964801036228e-05,1.90444447165936e-05,"v_938",74,0.000119289037337469,771.171951333347
"Polycladomyces",9.85510144327246e-06,1.39865546891144e-05,2.01781890513303e-05,3.43201079367395e-05,2.20068119326526e-05,1.95587636067291e-05,1.77339048852652e-05,2.29828143038778e-05,"v_1058",67,0.00012190661952944,858.579011387286
"Laceyella",1.06406530075913e-05,1.04719845364651e-05,1.59548471568658e-05,3.11025978176701e-05,1.73473892107554e-05,1.95587636067291e-05,1.09950210288644e-05,1.59153291540938e-05,"v_1059",97,0.000121951219512195,1022.97323461515
"Weissella",9.71227388612359e-06,1.04002586149825e-05,1.02455145958305e-05,1.50150472223235e-05,1.04657802676458e-05,1.33496323030056e-05,8.51227434492729e-06,1.19230092984906e-05,"v_1075",71,0.0001185536455246,951.481088994983
"Ligilactobacillus",7.21279163601825e-06,1.31975695528054e-05,1.35303360693029e-05,2.03775640874391e-05,1.49101527100708e-05,1.51347575528261e-05,1.13496991265697e-05,1.15993076885768e-05,"v_1079",81,0.000122714443489999,809.866192849921
"Lactococcus",1.36400317077177e-05,1.20499548090832e-05,1.28264457535588e-05,2.35950742065084e-05,1.61287709604131e-05,2.41379979432253e-05,1.41871239082121e-05,1.65087821056024e-05,"v_1094",69,0.000127665007021575,676.173098299409
"Acutalibacter",7.92692942176264e-06,1.21934066520484e-05,1.48599066657083e-05,2.03775640874391e-05,1.57703538279595e-05,1.77736383569086e-05,1.59605143967387e-05,1.66706329105592e-05,"v_1117",75,0.000119803522223553,870.528707986906
"Enterocloster",1.14976183504845e-05,1.42017324535623e-05,1.35303360693029e-05,2.35950742065084e-05,1.88527411670607e-05,1.73855676504259e-05,1.70245486898546e-05,1.75877874719816e-05,"v_1158",77,0.000120598166907863,980.471104506789
"Sporomusa",7.28420541459269e-06,9.25264387126029e-06,1.11840350168226e-05,1.39425438493004e-05,1.30463836213119e-05,1.40481595746745e-05,6.38420575869547e-06,1.17072082252147e-05,"v_1241",67,0.000118511495615075,640.991408869906
"Phascolarctobacterium",1.206892857908e-05,1.29823917883575e-05,1.7597257893602e-05,2.68125843255777e-05,2.01430428438937e-05,2.26633292585909e-05,1.45418020059174e-05,1.50521248609904e-05,"v_1248",110,0.000123762376237624,767.034821234571
"Koinonema",8.06975697891151e-06,1.36996510031838e-05,3.30828448399717e-05,1.93050607144159e-05,1.7204022357774e-05,1.93259211828395e-05,1.27684115173909e-05,1.38112686896543e-05,"v_1305",67,0.000125612360256249,1094.83352787507
"Candidatus_Xiphinematobacter",9.71227388612359e-06,1.00416290075693e-05,1.02455145958305e-05,1.82325573413928e-05,1.89244245935514e-05,1.56780565419019e-05,8.86695244263259e-06,1.20848601034475e-05,"v_1421",69,0.000121728545343883,399.458834583234
"Duncaniella",1.39256868220154e-05,1.37713769246665e-05,1.43124364201296e-05,2.57400809525546e-05,1.87810577405699e-05,2.25081009759978e-05,1.6315192494444e-05,1.73180361303868e-05,"v_1571",95,0.000129082225377565,805.594766236521
"Chloroherpeton",7.35561919316713e-06,9.75472532163876e-06,9.85446442041711e-06,1.60875505953466e-05,1.54836201219966e-05,1.46690727050469e-05,9.9309867357485e-06,1.37573184213353e-05,"v_1598",74,0.000121270919233568,1110.48348022316
"Jonquetella",1.46398246077598e-05,1.4847265746906e-05,2.26809101739759e-05,3.0030094444647e-05,2.35121638889578e-05,2.58455090517492e-05,1.70245486898546e-05,2.15261570592658e-05,"v_1637",110,0.000126694539465349,793.177960283686
"Eremothecium",1.33543765934199e-05,1.62817841765588e-05,1.56420070165351e-05,2.68125843255777e-05,2.0071359417403e-05,2.111104643266e-05,1.91526172760864e-05,2.20656597424554e-05,"v_1712",86,0.00012134449702706,1034.66126076631
"Ustilago",2.07099957865871e-05,2.38130059322358e-05,2.45579510159601e-05,3.75376180558088e-05,4.50171918361753e-05,3.15889555076935e-05,3.01476383049508e-05,2.85396919407309e-05,"v_1733",69,0.00013259082471493,885.786281390674
