"","X1ayWM2CHIPOOB100705","oAVVM2CHIPOOB051360","X3xfYM2CHIPOOA051365","jYxWM2CHIPOOB051110","hoQoM2CHIPOOA051115","eBCjM2CHIPOOBXX1180","j1iWM2CHIPOOBXX1561","nodos","degrees","closeness","betweenness"
"Neoasaia",4.91330892678746e-05,6.67226669425762e-05,6.55927057806192e-05,7.99626234328193e-05,7.50690092833978e-05,6.51419185244147e-05,6.86737786404113e-05,"v_195",35,0.000124906320259805,429.983052961051
"Maricaulis",6.04184227105459e-05,7.28187303803835e-05,6.72745700314043e-05,8.75471541107289e-05,8.51429839624369e-05,6.09235128416381e-05,7.41391658678488e-05,"v_228",39,0.000125801987671405,1168.91607585283
"Rugosibacter",3.23282914340278e-05,0.00018655624274057,4.30815996547262e-05,4.98412015976922e-05,4.59720976469854e-05,3.61809410484296e-05,4.2534970161362e-05,"v_345",30,0.000122549019607843,65.80436375921
"Laribacter",0.000109206545453972,0.000221211945845913,0.000166375186654588,0.000210416551092866,0.000191814614320181,0.000126957786414332,0.000143050570039888,"v_381",63,0.000116808784020558,1029.14658513822
"Ewingella",1.36508181817465e-05,2.27140993847068e-05,1.7206765027263e-05,1.75527709974481e-05,1.7335418356316e-05,1.5819021310412e-05,1.71090382771959e-05,"v_466",42,0.000124424536518601,1201.72465966908
"Thiohalobacter",0.000149567628814443,0.000258873926810996,0.000195484375610484,0.00025288992288916,0.000253843707140863,0.000150402387228225,0.000159684357253828,"v_516",70,0.000114077116130504,1200.40881504233
"Halioglobus",5.42583062025375e-05,4.96870924040461e-05,4.98090566578666e-05,5.98094419172307e-05,6.27961467302537e-05,3.97503612415482e-05,4.18220935664788e-05,"v_560",39,0.000125849484017116,1342.58383613088
"Aquiluna",1.58684601246295e-05,2.21295453564239e-05,2.27698544721676e-05,2.10199850216354e-05,2.1068414049564e-05,1.35475720966093e-05,1.33070297711524e-05,"v_803",34,0.000123213405618531,1141.07993227473
"Caproiciproducens",1.77904164751281e-05,3.1983456118907e-05,3.4801652573938e-05,3.14216270941973e-05,3.19094426381745e-05,2.7906376055291e-05,2.42378042260275e-05,"v_1129",35,0.000126358352287086,1255.05649757918
"Rubripirellula",9.0775476862011e-05,8.45933186643675e-05,8.87506827721987e-05,0.000100115804948408,0.000116899015818697,6.50607953382074e-05,4.56241020725224e-05,"v_1402",37,0.000122865216857108,1185.68625735204
"Rhodopirellula",6.10097938953147e-05,4.65137991076532e-05,5.446652689081e-05,6.45768612004882e-05,6.59154992958445e-05,3.87768830070613e-05,2.99408169850928e-05,"v_1405",33,0.000125250501002004,1288.20654088104
"Calycomorphotria",9.53093226119052e-05,8.3591226044454e-05,8.49988317512166e-05,8.62469488516587e-05,9.99215559535145e-05,6.2545976565783e-05,4.39607233511283e-05,"v_1419",31,0.000118694362017804,947.391596460326
